stage,total,success,failed,timeouts,success_qps,p50_ms,p90_ms,p95_ms,p99_ms,max_ms
read,76701,76701,0,0,1278.315,6.589,10.126,11.205,13.487,21.735
